025 83491234 025 85319971 70
025 84927038 010 62150045 236
025 87216340 025 84521009 310
025 83491234 0571 82199516 100
025 58120321 021 81094532 50
025 83491234 025 85319971 80
025 84927038 025 83491234 155
025 58120321 025 87216340 47
025 87216340 010 62150045 93
025 83491234 010 62150045 792
025 84927038 0571 82199516 931
025 83491234 025 85319971 580
025 84927038 025 83491234 358
025 58120321 021 81094532 197
025 87216340 025 84521009 256
025 87216340 010 62150045 193
025 83492200 025 84521009 320
025 83491234 025 85319971 270
025 84927038 025 83491234 231
025 83492200 025 84927038 72